_ckpt250-ai2_arc: 0.723788049605
_ckpt250-boolq: 0.847400611621
_ckpt250-hellaswag: 0.779725154352
_ckpt250-piqa: 0.808487486398
_ckpt250-winogrande: 0.744277821626
_ckpt250-arc_easy: 0.796296296296
_ckpt250-arc_challenge: 0.576791808874
_ckpt1250-ai2_arc: 0.726324689966
_ckpt1250-boolq: 0.837003058104
_ckpt1250-hellaswag: 0.795658235411
_ckpt1250-piqa: 0.81556039173
_ckpt1250-winogrande: 0.7545382794
_ckpt1250-arc_easy: 0.801346801347
_ckpt1250-arc_challenge: 0.574232081911
_ckpt750-ai2_arc: 0.725479143179
_ckpt750-boolq: 0.841896024465
_ckpt750-hellaswag: 0.788488348934
_ckpt750-piqa: 0.811207834603
_ckpt750-winogrande: 0.7545382794
_ckpt750-arc_easy: 0.802188552189
_ckpt750-arc_challenge: 0.569965870307
_ckpt1500-ai2_arc: 0.724633596392
_ckpt1500-boolq: 0.845871559633
_ckpt1500-hellaswag: 0.784007169886
_ckpt1500-piqa: 0.808487486398
_ckpt1500-winogrande: 0.749013417522
_ckpt1500-arc_easy: 0.79797979798
_ckpt1500-arc_challenge: 0.575938566553
_ckpt1750-ai2_arc: 0.705186020293
_ckpt1750-boolq: 0.819266055046
_ckpt1750-hellaswag: 0.793168691496
_ckpt1750-piqa: 0.811207834603
_ckpt1750-winogrande: 0.734806629834
_ckpt1750-arc_easy: 0.784511784512
_ckpt1750-arc_challenge: 0.544368600683
_ckpt500-ai2_arc: 0.720124013529
_ckpt500-boolq: 0.836085626911
_ckpt500-hellaswag: 0.795259908385
_ckpt500-piqa: 0.810119695321
_ckpt500-winogrande: 0.7545382794
_ckpt500-arc_easy: 0.800925925926
_ckpt500-arc_challenge: 0.556313993174
_ckpt1000-ai2_arc: 0.711104847802
_ckpt1000-boolq: 0.829357798165
_ckpt1000-hellaswag: 0.795060744872
_ckpt1000-piqa: 0.811207834603
_ckpt1000-winogrande: 0.745067087609
_ckpt1000-arc_easy: 0.789983164983
_ckpt1000-arc_challenge: 0.551194539249
_ckpt2000-ai2_arc: 0.730270574972
_ckpt2000-boolq: 0.837003058104
_ckpt2000-hellaswag: 0.795558653655
_ckpt2000-piqa: 0.813928182807
_ckpt2000-winogrande: 0.756906077348
_ckpt2000-arc_easy: 0.802609427609
_ckpt2000-arc_challenge: 0.58361774744
