_ckpt750-ai2_arc: 0.64825253664
_ckpt750-boolq: 0.76880733945
_ckpt750-hellaswag: 0.759211312488
_ckpt750-piqa: 0.789989118607
_ckpt750-winogrande: 0.689818468824
_ckpt750-arc_easy: 0.739898989899
_ckpt750-arc_challenge: 0.462457337884
_ckpt375-ai2_arc: 0.652480270575
_ckpt375-boolq: 0.775535168196
_ckpt375-hellaswag: 0.759111730731
_ckpt375-piqa: 0.790533188248
_ckpt375-winogrande: 0.685872138911
_ckpt375-arc_easy: 0.746212121212
_ckpt375-arc_challenge: 0.462457337884
_ckpt625-ai2_arc: 0.652198421646
_ckpt625-boolq: 0.774311926606
_ckpt625-hellaswag: 0.758215494921
_ckpt625-piqa: 0.790533188248
_ckpt625-winogrande: 0.687450670876
_ckpt625-arc_easy: 0.746212121212
_ckpt625-arc_challenge: 0.461604095563
_ckpt875-ai2_arc: 0.649661781285
_ckpt875-boolq: 0.768501529052
_ckpt875-hellaswag: 0.758912567218
_ckpt875-piqa: 0.789445048966
_ckpt875-winogrande: 0.690607734807
_ckpt875-arc_easy: 0.740740740741
_ckpt875-arc_challenge: 0.465017064846
_ckpt250-ai2_arc: 0.647125140924
_ckpt250-boolq: 0.766360856269
_ckpt250-hellaswag: 0.759410476001
_ckpt250-piqa: 0.790533188248
_ckpt250-winogrande: 0.687450670876
_ckpt250-arc_easy: 0.739057239057
_ckpt250-arc_challenge: 0.460750853242
_ckpt500-ai2_arc: 0.646843291995
_ckpt500-boolq: 0.771559633028
_ckpt500-hellaswag: 0.758215494921
_ckpt500-piqa: 0.790533188248
_ckpt500-winogrande: 0.685872138911
_ckpt500-arc_easy: 0.738215488215
_ckpt500-arc_challenge: 0.461604095563
_ckpt1000-ai2_arc: 0.652198421646
_ckpt1000-boolq: 0.771865443425
_ckpt1000-hellaswag: 0.759012148974
_ckpt1000-piqa: 0.787812840044
_ckpt1000-winogrande: 0.689818468824
_ckpt1000-arc_easy: 0.74537037037
_ckpt1000-arc_challenge: 0.463310580205
_ckpt125-ai2_arc: 0.651916572717
_ckpt125-boolq: 0.777981651376
_ckpt125-hellaswag: 0.759609639514
_ckpt125-piqa: 0.79162132753
_ckpt125-winogrande: 0.685872138911
_ckpt125-arc_easy: 0.745791245791
_ckpt125-arc_challenge: 0.461604095563
