_ckpt250-ai2_arc: 0.680383314543
_ckpt250-boolq: 0.787767584098
_ckpt250-hellaswag: 0.765484963155
_ckpt250-piqa: 0.795429815016
_ckpt250-winogrande: 0.689818468824
_ckpt250-arc_easy: 0.775252525253
_ckpt250-arc_challenge: 0.488054607509
_ckpt1250-ai2_arc: 0.680101465614
_ckpt1250-boolq: 0.794495412844
_ckpt1250-hellaswag: 0.766779525991
_ckpt1250-piqa: 0.792165397171
_ckpt1250-winogrande: 0.696132596685
_ckpt1250-arc_easy: 0.773569023569
_ckpt1250-arc_challenge: 0.490614334471
_ckpt750-ai2_arc: 0.680665163472
_ckpt750-boolq: 0.784403669725
_ckpt750-hellaswag: 0.767078271261
_ckpt750-piqa: 0.795429815016
_ckpt750-winogrande: 0.691397000789
_ckpt750-arc_easy: 0.775673400673
_ckpt750-arc_challenge: 0.488054607509
_ckpt375-ai2_arc: 0.666290868095
_ckpt375-boolq: 0.75749235474
_ckpt375-hellaswag: 0.772057359092
_ckpt375-piqa: 0.795429815016
_ckpt375-winogrande: 0.702446724546
_ckpt375-arc_easy: 0.764730639731
_ckpt375-arc_challenge: 0.466723549488
_ckpt625-ai2_arc: 0.682074408117
_ckpt625-boolq: 0.799082568807
_ckpt625-hellaswag: 0.76827325234
_ckpt625-piqa: 0.797062023939
_ckpt625-winogrande: 0.693764798737
_ckpt625-arc_easy: 0.779882154882
_ckpt625-arc_challenge: 0.483788395904
_ckpt875-ai2_arc: 0.686020293123
_ckpt875-boolq: 0.790214067278
_ckpt875-hellaswag: 0.768970324637
_ckpt875-piqa: 0.798150163221
_ckpt875-winogrande: 0.699289660616
_ckpt875-arc_easy: 0.785353535354
_ckpt875-arc_challenge: 0.484641638225
_ckpt1500-ai2_arc: 0.67869222097
_ckpt1500-boolq: 0.790519877676
_ckpt1500-hellaswag: 0.766082453694
_ckpt1500-piqa: 0.792165397171
_ckpt1500-winogrande: 0.69771112865
_ckpt1500-arc_easy: 0.774410774411
_ckpt1500-arc_challenge: 0.484641638225
_ckpt1750-ai2_arc: 0.677846674183
_ckpt1750-boolq: 0.792354740061
_ckpt1750-hellaswag: 0.766182035451
_ckpt1750-piqa: 0.793797606094
_ckpt1750-winogrande: 0.69771112865
_ckpt1750-arc_easy: 0.772306397306
_ckpt1750-arc_challenge: 0.486348122867
_ckpt500-ai2_arc: 0.678410372041
_ckpt500-boolq: 0.789908256881
_ckpt500-hellaswag: 0.766082453694
_ckpt500-piqa: 0.794341675734
_ckpt500-winogrande: 0.688239936859
_ckpt500-arc_easy: 0.773148148148
_ckpt500-arc_challenge: 0.486348122867
_ckpt1000-ai2_arc: 0.675591882751
_ckpt1000-boolq: 0.791131498471
_ckpt1000-hellaswag: 0.767277434774
_ckpt1000-piqa: 0.793253536453
_ckpt1000-winogrande: 0.693764798737
_ckpt1000-arc_easy: 0.771464646465
_ckpt1000-arc_challenge: 0.481228668942
_ckpt125-ai2_arc: 0.682638105975
_ckpt125-boolq: 0.776758409786
_ckpt125-hellaswag: 0.770663214499
_ckpt125-piqa: 0.797062023939
_ckpt125-winogrande: 0.696132596685
_ckpt125-arc_easy: 0.777777777778
_ckpt125-arc_challenge: 0.48976109215
_ckpt2000-ai2_arc: 0.679819616685
_ckpt2000-boolq: 0.788685015291
_ckpt2000-hellaswag: 0.766281617208
_ckpt2000-piqa: 0.792165397171
_ckpt2000-winogrande: 0.696132596685
_ckpt2000-arc_easy: 0.774410774411
_ckpt2000-arc_challenge: 0.488054607509
